ACTUAL RESULTS
Euclidean: 0.0405892882884059
Manhattan: 0.04037769036964896
Cosine: 0.07932024376530299
SHUFFLED RESULTS
Euclidean: -0.023640531279183932
Manhattan: -0.023215693187963012
Cosine: -0.03489177248520549
