ACTUAL RESULTS
Euclidean: 0.030421565689893907
Manhattan: 0.028715745403021613
Cosine: 0.08413474177708609
SHUFFLED RESULTS
Euclidean: -0.02483253867417524
Manhattan: -0.02411328796438631
Cosine: -0.034934844377002804
