ACTUAL RESULTS
Euclidean: 0.03284262907836488
Manhattan: 0.03204237474168375
Cosine: 0.07889209660811602
SHUFFLED RESULTS
Euclidean: -0.0244504206998043
Manhattan: -0.023278189937657567
Cosine: -0.03595246069060617
