ACTUAL RESULTS
Euclidean: 0.03670111554027997
Manhattan: 0.03559292404311152
Cosine: 0.08074000067349064
SHUFFLED RESULTS
Euclidean: -0.024356193056784367
Manhattan: -0.02360775248967902
Cosine: -0.03558771509195755
