ACTUAL RESULTS
Euclidean: 0.03652378062398567
Manhattan: 0.03601461053792066
Cosine: 0.08048138613049445
SHUFFLED RESULTS
Euclidean: -0.026757696397757966
Manhattan: -0.025625362761949218
Cosine: -0.037580424125323135
