ACTUAL RESULTS
Euclidean: 0.03478583894278609
Manhattan: 0.03423917393246406
Cosine: 0.075898268988167
SHUFFLED RESULTS
Euclidean: -0.026267591929758784
Manhattan: -0.025124513487938753
Cosine: -0.03700187065296207
