ACTUAL RESULTS
Euclidean: 0.03960906922994901
Manhattan: 0.03943587493110266
Cosine: 0.0749445485300477
SHUFFLED RESULTS
Euclidean: -0.0230120404780929
Manhattan: -0.02253544127815148
Cosine: -0.03456553849045408
