ACTUAL RESULTS
Euclidean: 0.03734277145308159
Manhattan: 0.03628427176895425
Cosine: 0.07487537336378407
SHUFFLED RESULTS
Euclidean: -0.024071460332177785
Manhattan: -0.023317494327868487
Cosine: -0.035775335571212166
