ACTUAL RESULTS
Euclidean: 0.031089099163016536
Manhattan: 0.030073099054048678
Cosine: 0.08436650726574983
SHUFFLED RESULTS
Euclidean: -0.024942267756825
Manhattan: -0.023809109428676953
Cosine: -0.03566586014835115
