ACTUAL RESULTS
Euclidean: 0.031169633420731004
Manhattan: 0.029779509255522554
Cosine: 0.07933626360662205
SHUFFLED RESULTS
Euclidean: -0.023845216623807897
Manhattan: -0.02311083842987648
Cosine: -0.03461593759351327
