ACTUAL RESULTS
Euclidean: 0.0158172580043861
Manhattan: 0.013511596004523507
Cosine: -0.043949138059526834
SHUFFLED RESULTS
Euclidean: -0.05348175407007133
Manhattan: -0.05435685555668756
Cosine: -0.10596484026785118
