ACTUAL RESULTS
Euclidean: 0.03968887641066223
Manhattan: 0.045532778177526205
Cosine: -0.006379373398241647
SHUFFLED RESULTS
Euclidean: -0.057111183864442375
Manhattan: -0.05995104824130606
Cosine: -0.12022367081193454
