ACTUAL RESULTS
Euclidean: 0.026309996413255935
Manhattan: 0.035869853605488375
Cosine: -0.02806636243505252
SHUFFLED RESULTS
Euclidean: -0.054009504974409824
Manhattan: -0.059357252141744817
Cosine: -0.10924944374427366
