ACTUAL RESULTS
Euclidean: 0.004805119914135157
Manhattan: 0.0036129645458410713
Cosine: -0.047911841410866234
SHUFFLED RESULTS
Euclidean: -0.058513136849379505
Manhattan: -0.0603767508576769
Cosine: -0.10500123427622875
