ACTUAL RESULTS
Euclidean: 0.024475705211637593
Manhattan: 0.03598185743559345
Cosine: -0.031168018096925987
SHUFFLED RESULTS
Euclidean: -0.05455424864471115
Manhattan: -0.06089326619127225
Cosine: -0.1118667741174464
