ACTUAL RESULTS
Euclidean: 0.016935880889120174
Manhattan: 0.014403795565620603
Cosine: -0.04066586519015245
SHUFFLED RESULTS
Euclidean: -0.05257471691411479
Manhattan: -0.05311932579731326
Cosine: -0.1026029528611006
