ACTUAL RESULTS
Euclidean: 0.019370612874232473
Manhattan: 0.01758342652164348
Cosine: -0.0383280278315471
SHUFFLED RESULTS
Euclidean: -0.05768134730497481
Manhattan: -0.060062006187780556
Cosine: -0.11824631657100622
