ACTUAL RESULTS
Euclidean: 0.008688988148441696
Manhattan: 0.006538922716585605
Cosine: -0.038137900200389555
SHUFFLED RESULTS
Euclidean: -0.055120965675096535
Manhattan: -0.056775608390245376
Cosine: -0.09793313622262304
