ACTUAL RESULTS
Euclidean: 0.01350128457100074
Manhattan: 0.012658059618853542
Cosine: -0.05008724333446721
SHUFFLED RESULTS
Euclidean: -0.060197261508106656
Manhattan: -0.06363747218250493
Cosine: -0.127030743801886
