ACTUAL RESULTS
Euclidean: 0.039937541971557314
Manhattan: 0.04444128411083077
Cosine: -0.004570173738984457
SHUFFLED RESULTS
Euclidean: -0.055834482398347346
Manhattan: -0.058733333853303385
Cosine: -0.11489431566297967
