ACTUAL RESULTS
Euclidean: 0.36986896
Manhattan: 0.38241969647516433
Cosine: 0.5965564
SHUFFLED RESULTS
Euclidean: -0.023326011
Manhattan: -0.022858345615005903
Cosine: -0.035426542
