ACTUAL RESULTS
Euclidean: 0.020301138968923736
Manhattan: 0.05457434803231846
Cosine: 0.006178143299884646
SHUFFLED RESULTS
Euclidean: -0.03759376013824729
Manhattan: -0.05100169171180305
Cosine: -0.06841163762158958
