ACTUAL RESULTS
Euclidean: 0.005426443576523102
Manhattan: 0.035883082643270364
Cosine: -0.02236420901253774
SHUFFLED RESULTS
Euclidean: -0.035966792058806304
Manhattan: -0.05051101241831141
Cosine: -0.06636976575198834
