ACTUAL RESULTS
Euclidean: -0.030516937335826153
Manhattan: -0.006312426076955732
Cosine: -0.06514618085576408
SHUFFLED RESULTS
Euclidean: -0.03571411977027606
Manhattan: -0.039827660231917805
Cosine: -0.07096417378722614
