ACTUAL RESULTS
Euclidean: -0.021331603497067197
Manhattan: -0.0101797931114028
Cosine: -0.04257247339854525
SHUFFLED RESULTS
Euclidean: -0.027519975735900967
Manhattan: -0.03169543654762493
Cosine: -0.06855807872132302
