ACTUAL RESULTS
Euclidean: 0.35595444
Manhattan: 0.36771543458515393
Cosine: 0.5797059
SHUFFLED RESULTS
Euclidean: -0.023729114
Manhattan: -0.02483263276775839
Cosine: -0.036019877
