ACTUAL RESULTS
Euclidean: 0.013093959773888258
Manhattan: 0.01144039711668479
Cosine: -0.011113386356114016
SHUFFLED RESULTS
Euclidean: -0.047713850664217496
Manhattan: -0.05759127413873708
Cosine: -0.09352127517680256
