ACTUAL RESULTS
Euclidean: -0.042049381227240425
Manhattan: -0.05142746250041855
Cosine: -0.054801349455656165
SHUFFLED RESULTS
Euclidean: -0.034711471675687784
Manhattan: -0.042929075282733285
Cosine: -0.08338565304385956
