ACTUAL RESULTS
Euclidean: 0.3562828
Manhattan: 0.367835400675161
Cosine: 0.57997495
SHUFFLED RESULTS
Euclidean: -0.02218359
Manhattan: -0.022652548616592254
Cosine: -0.03577952
