ACTUAL RESULTS
Euclidean: -0.018775505730639654
Manhattan: -0.020444457569961997
Cosine: -0.0056446543301202235
SHUFFLED RESULTS
Euclidean: -0.008824057779737306
Manhattan: -0.00997485443385186
Cosine: -0.005700813350250287
