ACTUAL RESULTS
Euclidean: 0.032437060162234174
Manhattan: 0.01106563828951598
Cosine: 0.0372624237366318
SHUFFLED RESULTS
Euclidean: -0.05461202946012433
Manhattan: -0.06347105665208379
Cosine: -0.10551221783916549
