ACTUAL RESULTS
Euclidean: -0.003662067015389563
Manhattan: 0.0079265757298866
Cosine: -0.04182852697074049
SHUFFLED RESULTS
Euclidean: -0.043125088301603436
Manhattan: -0.055284676787128666
Cosine: -0.08554292762334974
