ACTUAL RESULTS
Euclidean: -0.06655908058621768
Manhattan: -0.08209325826187427
Cosine: -0.08113860034217137
SHUFFLED RESULTS
Euclidean: -0.03805104315573672
Manhattan: -0.04654982234799899
Cosine: -0.09218613639403277
