ACTUAL RESULTS
Euclidean: -0.032324564736935235
Manhattan: -0.005099395167699909
Cosine: -0.07001317781846705
SHUFFLED RESULTS
Euclidean: -0.02945266688772969
Manhattan: -0.03380509267719086
Cosine: -0.060382050218782665
