ACTUAL RESULTS
Euclidean: -0.04450724678360726
Manhattan: -0.019091327129480116
Cosine: -0.1185511364739325
SHUFFLED RESULTS
Euclidean: -0.04296809936260806
Manhattan: -0.05821450397234797
Cosine: -0.08587215614815637
