ACTUAL RESULTS
Euclidean: -0.018832046726174057
Manhattan: -0.018519724834257074
Cosine: -0.06820480362310614
SHUFFLED RESULTS
Euclidean: -0.05294263364263343
Manhattan: -0.06413672201031323
Cosine: -0.10645219459201392
