ACTUAL RESULTS
Euclidean: -0.019406123167912372
Manhattan: -0.008908873400896862
Cosine: -0.03926656153350947
SHUFFLED RESULTS
Euclidean: -0.032817270206717604
Manhattan: -0.03689937524086009
Cosine: -0.08463291464476516
