ACTUAL RESULTS
Euclidean: 0.5273093
Manhattan: 0.530713841407759
Cosine: 0.77041334
SHUFFLED RESULTS
Euclidean: -0.029886678
Manhattan: -0.0304913188697489
Cosine: -0.045259878
