ACTUAL RESULTS
Euclidean: 0.37939507
Manhattan: 0.3832965708121419
Cosine: 0.61031944
SHUFFLED RESULTS
Euclidean: -0.02828979
Manhattan: -0.028909809445245623
Cosine: -0.044952773
