ACTUAL RESULTS
Euclidean: 0.40757702810109653
Manhattan: 0.4065114721371557
Cosine: 0.6464959636829706
SHUFFLED RESULTS
Euclidean: -0.04565142969330382
Manhattan: -0.04479545875311815
Cosine: -0.05717864481953221
