ACTUAL RESULTS
Euclidean: 0.3952438281388416
Manhattan: 0.3944662391564428
Cosine: 0.629760934581269
SHUFFLED RESULTS
Euclidean: -0.044427022809354774
Manhattan: -0.04403471895487831
Cosine: -0.05376713079763703
