ACTUAL RESULTS
Euclidean: 0.40448308362982
Manhattan: 0.4035066913024231
Cosine: 0.6405114265881686
SHUFFLED RESULTS
Euclidean: -0.04310618704463403
Manhattan: -0.0428011407319733
Cosine: -0.05698401903340753
