ACTUAL RESULTS
Euclidean: 0.3853408648544373
Manhattan: 0.3853086017240361
Cosine: 0.620263962709993
SHUFFLED RESULTS
Euclidean: -0.04584469500716981
Manhattan: -0.04578543205915424
Cosine: -0.055485648496057575
