ACTUAL RESULTS
Euclidean: 0.40893992474868823
Manhattan: 0.4085198130511902
Cosine: 0.644046640503211
SHUFFLED RESULTS
Euclidean: -0.04310270322797144
Manhattan: -0.04288767350968499
Cosine: -0.05503128667645182
