ACTUAL RESULTS
Euclidean: 0.3732072438397982
Manhattan: 0.3725658246555369
Cosine: 0.6004684671574151
SHUFFLED RESULTS
Euclidean: -0.04290244545520535
Manhattan: -0.04242409653339694
Cosine: -0.05666584254217404
