ACTUAL RESULTS
Euclidean: 0.33609369558363894
Manhattan: 0.33590014458709005
Cosine: 0.539513668364565
SHUFFLED RESULTS
Euclidean: -0.04070657302089505
Manhattan: -0.04043309185252844
Cosine: -0.04970940557993189
