ACTUAL RESULTS
Euclidean: 0.38356610738151314
Manhattan: 0.3821452165897892
Cosine: 0.6089800859701177
SHUFFLED RESULTS
Euclidean: -0.043478305428441236
Manhattan: -0.0432106656723711
Cosine: -0.059273563012192935
