ACTUAL RESULTS
Euclidean: 0.3315438157660789
Manhattan: 0.33158180803785564
Cosine: 0.5280330319852602
SHUFFLED RESULTS
Euclidean: -0.03925234040012784
Manhattan: -0.03905123797294103
Cosine: -0.0521952603893846
