ACTUAL RESULTS
Euclidean: 0.33154381709416425
Manhattan: 0.33158180944714766
Cosine: 0.5280330325313337
SHUFFLED RESULTS
Euclidean: -0.039252338214097175
Manhattan: -0.03905123583396595
Cosine: -0.052195259785789073
