ACTUAL RESULTS
Euclidean: 0.3267153061512641
Manhattan: 0.3265007964104381
Cosine: 0.5268765958618934
SHUFFLED RESULTS
Euclidean: -0.03946076998192822
Manhattan: -0.03919549414248679
Cosine: -0.049841392872829696
