ACTUAL RESULTS
Euclidean: 0.33521944807442794
Manhattan: 0.3351302997028579
Cosine: 0.5323356550612895
SHUFFLED RESULTS
Euclidean: -0.040036784541413524
Manhattan: -0.04017707166597745
Cosine: -0.0530422380348872
