ACTUAL RESULTS
Euclidean: 0.32809726454426386
Manhattan: 0.32808404706928523
Cosine: 0.521612620381128
SHUFFLED RESULTS
Euclidean: -0.04029324623441055
Manhattan: -0.040609734451675567
Cosine: -0.05145717943090811
