ACTUAL RESULTS
Euclidean: 0.304502307208699
Manhattan: 0.3041652627123974
Cosine: 0.4973638087457122
SHUFFLED RESULTS
Euclidean: -0.04005529318985152
Manhattan: -0.04021053362782637
Cosine: -0.049946950400430554
