ACTUAL RESULTS
Euclidean: 0.3789126927388409
Manhattan: 0.37771713608018537
Cosine: 0.6100461672034827
SHUFFLED RESULTS
Euclidean: -0.04154968436451917
Manhattan: -0.041290247531887814
Cosine: -0.05765851238208749
