ACTUAL RESULTS
Euclidean: 0.31799323780270927
Manhattan: 0.31802024150741093
Cosine: 0.5119909449939691
SHUFFLED RESULTS
Euclidean: -0.038266395337188654
Manhattan: -0.038118661072483226
Cosine: -0.0525519873722528
