ACTUAL RESULTS
Euclidean: 0.33154381450446213
Manhattan: 0.3315818065382063
Cosine: 0.5280330301512722
SHUFFLED RESULTS
Euclidean: -0.03925234140222293
Manhattan: -0.03905123903982604
Cosine: -0.052195257865608
