ACTUAL RESULTS
Euclidean: 0.34438221748899955
Manhattan: 0.34435855057561926
Cosine: 0.5440820839593846
SHUFFLED RESULTS
Euclidean: -0.04089198224429321
Manhattan: -0.04102651242271767
Cosine: -0.052747322543876804
