ACTUAL RESULTS
Euclidean: 0.31385668900113356
Manhattan: 0.31380040455059893
Cosine: 0.5094259244695494
SHUFFLED RESULTS
Euclidean: -0.041799270431200325
Manhattan: -0.04193742248179575
Cosine: -0.049204202382018336
