ACTUAL RESULTS
Euclidean: 0.3383053405257959
Manhattan: 0.3382448007193393
Cosine: 0.5336987970313675
SHUFFLED RESULTS
Euclidean: -0.0422235456431761
Manhattan: -0.042433777027098996
Cosine: -0.05120760164751388
