ACTUAL RESULTS
Euclidean: 0.36056717228472884
Manhattan: 0.35974056532221177
Cosine: 0.5884361479669202
SHUFFLED RESULTS
Euclidean: -0.04211931345379756
Manhattan: -0.041830339470171764
Cosine: -0.05879645145272275
