ACTUAL RESULTS
Euclidean: 0.37453843968213196
Manhattan: 0.37343297127829367
Cosine: 0.6000974481276005
SHUFFLED RESULTS
Euclidean: -0.04142623567427852
Manhattan: -0.040984695065594795
Cosine: -0.054649829914679024
