ACTUAL RESULTS
Euclidean: 0.31385669004223704
Manhattan: 0.31380040561797096
Cosine: 0.5094259257148619
SHUFFLED RESULTS
Euclidean: -0.0417992654229438
Manhattan: -0.04193741741589718
Cosine: -0.049204202543864935
