ACTUAL RESULTS
Euclidean: 0.40327879417184553
Manhattan: 0.3997071423721283
Cosine: 0.6350621934153037
SHUFFLED RESULTS
Euclidean: -0.05176111484769276
Manhattan: -0.052547252655845235
Cosine: -0.056389030438483666
