ACTUAL RESULTS
Euclidean: 0.4032787938284934
Manhattan: 0.3997071425640252
Cosine: 0.6350621922425895
SHUFFLED RESULTS
Euclidean: -0.05176111945744584
Manhattan: -0.05254725652175797
Cosine: -0.05638903097864255
