ACTUAL RESULTS
Euclidean: 0.41792270893781075
Manhattan: 0.4150862032172669
Cosine: 0.6513091886224296
SHUFFLED RESULTS
Euclidean: -0.055330651952687236
Manhattan: -0.05514696760197173
Cosine: -0.05356174316391042
