ACTUAL RESULTS
Euclidean: 0.4282928582093831
Manhattan: 0.4244576776650906
Cosine: 0.6588987085943163
SHUFFLED RESULTS
Euclidean: -0.05306210220094478
Manhattan: -0.053173359151707456
Cosine: -0.05699285192561221
