ACTUAL RESULTS
Euclidean: 0.41589136288653566
Manhattan: 0.40956494900224105
Cosine: 0.6447069911535888
SHUFFLED RESULTS
Euclidean: -0.04772967263637677
Manhattan: -0.047072641357388915
Cosine: -0.055843643636014975
