ACTUAL RESULTS
Euclidean: 0.3842548888717051
Manhattan: 0.3836943494753735
Cosine: 0.6172816276850395
SHUFFLED RESULTS
Euclidean: -0.046453832966701025
Manhattan: -0.04640273059853637
Cosine: -0.06048171370248816
