ACTUAL RESULTS
Euclidean: 0.3825931287990154
Manhattan: 0.38248728503192564
Cosine: 0.6080215306425395
SHUFFLED RESULTS
Euclidean: -0.04235737155915974
Manhattan: -0.042442687413482005
Cosine: -0.05574605189898441
