ACTUAL RESULTS
Euclidean: 0.39863632139780536
Manhattan: 0.3985213557274857
Cosine: 0.6324452857387896
SHUFFLED RESULTS
Euclidean: -0.041741184586169267
Manhattan: -0.04149733008113159
Cosine: -0.05532800497624785
