ACTUAL RESULTS
Euclidean: 0.39434602800239804
Manhattan: 0.39030469514876814
Cosine: 0.6217833633450496
SHUFFLED RESULTS
Euclidean: -0.05315838625799184
Manhattan: -0.05279826608135145
Cosine: -0.05276565254565906
