ACTUAL RESULTS
Euclidean: 0.4179227081998303
Manhattan: 0.41508620288728443
Cosine: 0.65130918563877
SHUFFLED RESULTS
Euclidean: -0.05533065642592836
Manhattan: -0.05514697287713843
Cosine: -0.053561743390790686
