ACTUAL RESULTS
Euclidean: 0.415891369093184
Manhattan: 0.4095649550991945
Cosine: 0.644706999216231
SHUFFLED RESULTS
Euclidean: -0.04772967564339122
Manhattan: -0.04707263714231996
Cosine: -0.055843641290145435
