ACTUAL RESULTS
Euclidean: 0.4117215195049647
Manhattan: 0.4086794703959085
Cosine: 0.6466405289778555
SHUFFLED RESULTS
Euclidean: -0.05116345262998423
Manhattan: -0.05095292120880623
Cosine: -0.05299438127426881
