ACTUAL RESULTS
Euclidean: 0.4158913650885612
Manhattan: 0.4095649517089529
Cosine: 0.6447069930274374
SHUFFLED RESULTS
Euclidean: -0.047729673571172665
Manhattan: -0.047072640945813086
Cosine: -0.05584364551848563
