ACTUAL RESULTS
Euclidean: 0.4282928584603252
Manhattan: 0.42445767663368633
Cosine: 0.6588987119273325
SHUFFLED RESULTS
Euclidean: -0.0530621057251203
Manhattan: -0.053173361211603494
Cosine: -0.05699285947692414
