ACTUAL RESULTS
Euclidean: 0.391959541538981
Manhattan: 0.39184677205230195
Cosine: 0.6237976273874408
SHUFFLED RESULTS
Euclidean: -0.04353543612391446
Manhattan: -0.043156378743349974
Cosine: -0.05463553594538951
