ACTUAL RESULTS
Euclidean: 0.4052411323153186
Manhattan: 0.39923544029145114
Cosine: 0.6347808273095642
SHUFFLED RESULTS
Euclidean: -0.04535561741779343
Manhattan: -0.04429550922065665
Cosine: -0.055727360848281234
