ACTUAL RESULTS
Euclidean: 0.3687251532207897
Manhattan: 0.368735553899103
Cosine: 0.5892756278825538
SHUFFLED RESULTS
Euclidean: -0.04150269024353376
Manhattan: -0.041433033892067234
Cosine: -0.056474246654732725
