ACTUAL RESULTS
Euclidean: 0.4080019955424477
Manhattan: 0.4038253625654067
Cosine: 0.6340882906895028
SHUFFLED RESULTS
Euclidean: -0.05634071357002809
Manhattan: -0.056017516622822464
Cosine: -0.053597487730549634
