ACTUAL RESULTS
Euclidean: 0.4197303919740457
Manhattan: 0.4158946119434432
Cosine: 0.6499834178928283
SHUFFLED RESULTS
Euclidean: -0.05006750073494556
Manhattan: -0.050289177558426254
Cosine: -0.056739235506935
