ACTUAL RESULTS
Euclidean: 0.3966060628574271
Manhattan: 0.39289314993166863
Cosine: 0.6289755523340775
SHUFFLED RESULTS
Euclidean: -0.048976663388879044
Manhattan: -0.04968695046684049
Cosine: -0.05669841841668501
