ACTUAL RESULTS
Euclidean: 0.3064151
Manhattan: 0.3058139931499782
Cosine: 0.5085567
SHUFFLED RESULTS
Euclidean: -0.031835616
Manhattan: -0.03268611607354011
Cosine: -0.053116355
