ACTUAL RESULTS
Euclidean: 0.4149443281555561
Manhattan: 0.39974856357143723
Cosine: 0.6460533091062632
SHUFFLED RESULTS
Euclidean: -0.05550938724231163
Manhattan: -0.054226902816480134
Cosine: -0.05780844632863209
