ACTUAL RESULTS
Euclidean: 0.40786217711831196
Manhattan: 0.38990889908277876
Cosine: 0.6374334342852354
SHUFFLED RESULTS
Euclidean: -0.05234760092291906
Manhattan: -0.05525316457744136
Cosine: -0.05727924724165455
