ACTUAL RESULTS
Euclidean: 0.4149443373814327
Manhattan: 0.3997485726219117
Cosine: 0.6460533231311506
SHUFFLED RESULTS
Euclidean: -0.05550940435886594
Manhattan: -0.054226921959620804
Cosine: -0.05780843932479687
