ACTUAL RESULTS
Euclidean: 0.40698516028911447
Manhattan: 0.3919665164157823
Cosine: 0.6385109251752688
SHUFFLED RESULTS
Euclidean: -0.050813267943636393
Manhattan: -0.04922516163488873
Cosine: -0.05699460370339244
