ACTUAL RESULTS
Euclidean: 0.4079593482131836
Manhattan: 0.3937770063834173
Cosine: 0.6311244994425583
SHUFFLED RESULTS
Euclidean: -0.05733026558250289
Manhattan: -0.056441297567667296
Cosine: -0.056894121670736125
