ACTUAL RESULTS
Euclidean: 0.3987197745737845
Manhattan: 0.3847907350905933
Cosine: 0.6231478651407447
SHUFFLED RESULTS
Euclidean: -0.05493800046871653
Manhattan: -0.05419458248385958
Cosine: -0.057159383018868616
