ACTUAL RESULTS
Euclidean: 0.4200188052163269
Manhattan: 0.4006737506080398
Cosine: 0.6540047451686704
SHUFFLED RESULTS
Euclidean: -0.0493129596461679
Manhattan: -0.04792759116524035
Cosine: -0.05903241448304851
