ACTUAL RESULTS
Euclidean: 0.3989469355335785
Manhattan: 0.3830081552875739
Cosine: 0.6287067096218061
SHUFFLED RESULTS
Euclidean: -0.05138722583200514
Manhattan: -0.05062093624966485
Cosine: -0.06013167595625072
