ACTUAL RESULTS
Euclidean: 0.4200188124009507
Manhattan: 0.4006737577638474
Cosine: 0.6540047523329999
SHUFFLED RESULTS
Euclidean: -0.049312960977408435
Manhattan: -0.0479275918145557
Cosine: -0.0590324133615948
