ACTUAL RESULTS
Euclidean: 0.3993746354496984
Manhattan: 0.38122914279772857
Cosine: 0.629765987780766
SHUFFLED RESULTS
Euclidean: -0.049675378408752094
Manhattan: -0.05151257556557904
Cosine: -0.05741846299413432
