ACTUAL RESULTS
Euclidean: 0.4078621871756524
Manhattan: 0.3899089105522791
Cosine: 0.6374334463398125
SHUFFLED RESULTS
Euclidean: -0.05234761838031267
Manhattan: -0.05525318699758431
Cosine: -0.05727924693810123
