ACTUAL RESULTS
Euclidean: 0.4078621795793732
Manhattan: 0.3899089019512117
Cosine: 0.6374334368493765
SHUFFLED RESULTS
Euclidean: -0.05234759366268753
Manhattan: -0.05525315259248568
Cosine: -0.057279250907270166
