ACTUAL RESULTS
Euclidean: 0.40696166574495257
Manhattan: 0.3910636483781559
Cosine: 0.6371277608565623
SHUFFLED RESULTS
Euclidean: -0.05519046170881404
Manhattan: -0.055090667990618576
Cosine: -0.06002855470559725
