ACTUAL RESULTS
Euclidean: 0.4149443352700573
Manhattan: 0.3997485706507913
Cosine: 0.6460533217995097
SHUFFLED RESULTS
Euclidean: -0.05550940013333532
Manhattan: -0.05422691664435815
Cosine: -0.05780844090253699
