ACTUAL RESULTS
Euclidean: 0.4108140449866534
Manhattan: 0.3920969305206789
Cosine: 0.6443803644758971
SHUFFLED RESULTS
Euclidean: -0.04712725332602317
Manhattan: -0.04539758123411514
Cosine: -0.058746626448372294
