ACTUAL RESULTS
Euclidean: 0.4027698024790568
Manhattan: 0.39948591650653253
Cosine: 0.6273698518137625
SHUFFLED RESULTS
Euclidean: -0.046899861866240615
Manhattan: -0.04638445996452644
Cosine: -0.055333146136934415
