ACTUAL RESULTS
Euclidean: 0.27823682456553844
Manhattan: 0.27778075284913883
Cosine: 0.43861283888710545
SHUFFLED RESULTS
Euclidean: -0.04627076058844372
Manhattan: -0.04575508997188744
Cosine: -0.06574583137662897
