ACTUAL RESULTS
Euclidean: 0.27032038267504566
Manhattan: 0.2683067242595482
Cosine: 0.421801393437528
SHUFFLED RESULTS
Euclidean: -0.044997822133710716
Manhattan: -0.04466697416145655
Cosine: -0.07434369070914174
