ACTUAL RESULTS
Euclidean: 0.4046261416378976
Manhattan: 0.40265218779689294
Cosine: 0.631658094973046
SHUFFLED RESULTS
Euclidean: -0.044883099677482365
Manhattan: -0.04469673337109905
Cosine: -0.05681136277500025
