ACTUAL RESULTS
Euclidean: 0.26048952064262293
Manhattan: 0.26010027153935833
Cosine: 0.4155085318342537
SHUFFLED RESULTS
Euclidean: -0.04639956776928104
Manhattan: -0.046013727529142914
Cosine: -0.07607600422919591
