ACTUAL RESULTS
Euclidean: 0.40207364568806314
Manhattan: 0.39758709217192206
Cosine: 0.6342708891178084
SHUFFLED RESULTS
Euclidean: -0.04674213192922686
Manhattan: -0.045665681225105496
Cosine: -0.05669014204206561
