ACTUAL RESULTS
Euclidean: 0.41771912304953657
Manhattan: 0.4128918720670002
Cosine: 0.635400980925065
SHUFFLED RESULTS
Euclidean: -0.04875634466934325
Manhattan: -0.04835818720246571
Cosine: -0.05515374482645107
