ACTUAL RESULTS
Euclidean: 0.23344550306172868
Manhattan: 0.23320935475019383
Cosine: 0.3709706447465529
SHUFFLED RESULTS
Euclidean: -0.045888918817295093
Manhattan: -0.04477130944229191
Cosine: -0.0814521830534532
