ACTUAL RESULTS
Euclidean: 0.4021463815397668
Manhattan: 0.3987073403218169
Cosine: 0.6416081504585185
SHUFFLED RESULTS
Euclidean: -0.04548711593811659
Manhattan: -0.04523482524744705
Cosine: -0.057036685972334
