ACTUAL RESULTS
Euclidean: 0.24003178412075252
Manhattan: 0.23883864138689198
Cosine: 0.377927799623723
SHUFFLED RESULTS
Euclidean: -0.04501825165516546
Manhattan: -0.04465261967652609
Cosine: -0.07415484214563724
