ACTUAL RESULTS
Euclidean: 0.4158284754596565
Manhattan: 0.41408432317245386
Cosine: 0.6387597021877682
SHUFFLED RESULTS
Euclidean: -0.0534450532064479
Manhattan: -0.053237063463098214
Cosine: -0.06049562923299571
