ACTUAL RESULTS
Euclidean: 0.4029926961273524
Manhattan: 0.40075665189158705
Cosine: 0.6342474043434938
SHUFFLED RESULTS
Euclidean: -0.04521758644536514
Manhattan: -0.04592411727391248
Cosine: -0.06354400714113556
