ACTUAL RESULTS
Euclidean: 0.4158284717323841
Manhattan: 0.41408432111639665
Cosine: 0.638759698344241
SHUFFLED RESULTS
Euclidean: -0.053445054707105366
Manhattan: -0.05323706576245978
Cosine: -0.060495626112597276
