ACTUAL RESULTS
Euclidean: 0.39619208389042615
Manhattan: 0.3945382970230365
Cosine: 0.6218432355767879
SHUFFLED RESULTS
Euclidean: -0.05249731018446254
Manhattan: -0.05356899577066169
Cosine: -0.06427494267044655
