ACTUAL RESULTS
Euclidean: 0.405073043729729
Manhattan: 0.40383434105619315
Cosine: 0.6388132478092331
SHUFFLED RESULTS
Euclidean: -0.04729318532510384
Manhattan: -0.048063198583725535
Cosine: -0.06422666003970762
