ACTUAL RESULTS
Euclidean: 0.40843959961730086
Manhattan: 0.40659139068571204
Cosine: 0.6339906034228368
SHUFFLED RESULTS
Euclidean: -0.04907032178207948
Manhattan: -0.04895032578716713
Cosine: -0.06003649737234614
