ACTUAL RESULTS
Euclidean: 0.3888995299272818
Manhattan: 0.38707083386233093
Cosine: 0.6192882286310187
SHUFFLED RESULTS
Euclidean: -0.046670581179412855
Manhattan: -0.04646591773652512
Cosine: -0.05766716943814206
