ACTUAL RESULTS
Euclidean: 0.39771252983699273
Manhattan: 0.3951280928885573
Cosine: 0.6282568451805911
SHUFFLED RESULTS
Euclidean: -0.04670673750344376
Manhattan: -0.04760347568261708
Cosine: -0.05988556650146089
