ACTUAL RESULTS
Euclidean: 0.40037110277709675
Manhattan: 0.39903908153583884
Cosine: 0.6303012494825715
SHUFFLED RESULTS
Euclidean: -0.048731266986347846
Manhattan: -0.048677748534301256
Cosine: -0.05517442158539732
