ACTUAL RESULTS
Euclidean: 0.39793281508960254
Manhattan: 0.39640352322950034
Cosine: 0.6307438216452099
SHUFFLED RESULTS
Euclidean: -0.04503087301375482
Manhattan: -0.045896142708093585
Cosine: -0.0625558222580422
