ACTUAL RESULTS
Euclidean: 0.39553674718084586
Manhattan: 0.3934195563977275
Cosine: 0.6270265229794484
SHUFFLED RESULTS
Euclidean: -0.05199035779024287
Manhattan: -0.05104146494076226
Cosine: -0.05783719447002581
