ACTUAL RESULTS
Euclidean: 0.3866600099550593
Manhattan: 0.3846450824056733
Cosine: 0.6176363383594603
SHUFFLED RESULTS
Euclidean: -0.04908380127788287
Manhattan: -0.04846348847242583
Cosine: -0.0578966533246018
