ACTUAL RESULTS
Euclidean: 0.4034802948470239
Manhattan: 0.40276403919082165
Cosine: 0.6393771359601148
SHUFFLED RESULTS
Euclidean: -0.0480074940227982
Manhattan: -0.04808066669162621
Cosine: -0.05673382891594605
