ACTUAL RESULTS
Euclidean: 0.3986032124260211
Manhattan: 0.39680496388446956
Cosine: 0.6312765786185661
SHUFFLED RESULTS
Euclidean: -0.04999199484747664
Manhattan: -0.04967185814985462
Cosine: -0.057550429952629656
