ACTUAL RESULTS
Euclidean: 0.39142208461722333
Manhattan: 0.3903111115959611
Cosine: 0.6213937245126475
SHUFFLED RESULTS
Euclidean: -0.04576689442251727
Manhattan: -0.045537395733021166
Cosine: -0.054735321967319873
