ACTUAL RESULTS
Euclidean: 0.41212798949488205
Manhattan: 0.4111675382032337
Cosine: 0.6462324853969508
SHUFFLED RESULTS
Euclidean: -0.0525938125226877
Manhattan: -0.05256119893396342
Cosine: -0.05717140439394859
